0,1,2,3,4,5,6,7,8,9,10,11,12,13,14,15,16,17,18,19,20,21,22,23,24,25,26,27,28,29,30,31,32,33,34,35,36,37,38,39,40,41,42,43,44,45,46,47,48,49,50,51,52,53,54,55,56,57,58,59,60,61,62,63,64,65,66,67,68,69,70,71,72,73,74,75,76,77,78,79,80,81,82,83,84,85,86,87,88,89,90,91,92,93,94,95,96,97,98,99,100,101,102,103,104,105,106,107,108,109,110,111,112,113,114,115,116,117,118,119,120,121,122,123,124,125,126,127,128,129,130,131,132,133,134,135,136,137,138,139,140,141,142,143
38843.30326675234,175.5969496915394,-400.98619783595325,-15.716629760043972,31362.63261198383,154.2182233433442,41.428523827493095,67.11982472533937,21299.422384677906,126.8299781174937,359.4365699650055,116.33001897048302,175.5969496915394,16.535086138462354,-26.049313497446974,-0.27861701140572287,-43.15593167060572,9.700947717608868,-7.5790594577198105,1.6939128840153248,-279.17060974158574,3.8901401227461,1.4939045945080527,2.7684181152663117,-400.98619783595325,-26.049313497446974,72.1610472742951,1.3025925080356369,246.04608787918622,-16.376617404810368,17.05379563612909,-6.086858893050256,837.2020664738144,-7.382720268081578,-10.293451887158467,-10.176177764148662,-15.716629760043972,-0.27861701140572287,1.3025925080356369,0.11871495499336991,-24.23199620511153,-0.21194393793754562,0.10677232709380706,-0.2472803622850156,-23.446301625857465,-0.2239282565996188,-0.4738384011330102,-0.46348213956738815,31362.63261198383,-43.15593167060572,246.04608787918622,-24.23199620511153,42420.38857393149,20.772858737726434,177.41994086743014,43.835344590769466,44708.91162304037,93.89453500493472,189.04820900217877,86.85415009319198,154.2182233433442,9.700947717608868,-16.376617404810368,-0.21194393793754562,20.772858737726434,5.90472657341191,-4.3134665346748005,1.235695930039869,-127.87863345273254,2.635289938831663,1.716889841987298,2.041799612876333,41.428523827493095,-7.5790594577198105,17.05379563612909,0.10677232709380706,177.41994086743014,-4.3134665346748005,6.10742864851612,-0.971592676013066,288.67070243603735,-1.184370436277515,1.017605232514016,-1.520540641591591,67.11982472533937,1.6939128840153248,-6.086858893050256,-0.2472803622850156,43.835344590769466,1.235695930039869,-0.971592676013066,0.8159490155444447,9.252852991957154,0.8391671196978482,1.6124569555653259,1.4251976581247718,21299.422384677906,-279.17060974158574,837.2020664738144,-23.446301625857465,44708.91162304037,-127.87863345273254,288.67070243603735,9.252852991957154,57026.13087890352,34.95967327601266,21.367837490710798,33.957872470148445,126.8299781174937,3.8901401227461,-7.382720268081578,-0.2239282565996188,93.89453500493472,2.635289938831663,-1.184370436277515,0.8391671196978482,34.95967327601266,1.6813724374457686,1.9625019038089508,1.4636885970019962,359.4365699650055,1.4939045945080527,-10.293451887158467,-0.4738384011330102,189.04820900217877,1.716889841987298,1.017605232514016,1.6124569555653259,21.367837490710798,1.9625019038089508,8.28208423823748,2.8292111165401845,116.33001897048302,2.7684181152663117,-10.176177764148662,-0.46348213956738815,86.85415009319198,2.041799612876333,-1.520540641591591,1.4251976581247718,33.957872470148445,1.4636885970019962,2.8292111165401845,2.516108237717573
0.0,0.0,0.0,0.0,0.0,0.0,0.0,0.0,0.0,0.0,0.0,0.0,0.0,0.0,0.0,0.0,0.0,0.0,0.0,0.0,0.0,0.0,0.0,0.0,0.0,0.0,0.0,0.0,0.0,0.0,0.0,0.0,0.0,0.0,0.0,0.0,0.0,0.0,0.0,0.0,0.0,0.0,0.0,0.0,0.0,0.0,0.0,0.0,0.0,0.0,0.0,0.0,0.0,0.0,0.0,0.0,0.0,0.0,0.0,0.0,0.0,0.0,0.0,0.0,0.0,0.0,0.0,0.0,0.0,0.0,0.0,0.0,0.0,0.0,0.0,0.0,0.0,0.0,0.0,0.0,0.0,0.0,0.0,0.0,0.0,0.0,0.0,0.0,0.0,0.0,0.0,0.0,0.0,0.0,0.0,0.0,0.0,0.0,0.0,0.0,0.0,0.0,0.0,0.0,0.0,0.0,0.0,0.0,0.0,0.0,0.0,0.0,0.0,0.0,0.0,0.0,0.0,0.0,0.0,0.0,0.0,0.0,0.0,0.0,0.0,0.0,0.0,0.0,0.0,0.0,0.0,0.0,0.0,0.0,0.0,0.0,0.0,0.0,0.0,0.0,0.0,0.0,0.0,0.0
0.0,0.0,0.0,0.0,0.0,0.0,0.0,0.0,0.0,0.0,0.0,0.0,0.0,0.0,0.0,0.0,0.0,0.0,0.0,0.0,0.0,0.0,0.0,0.0,0.0,0.0,0.0,0.0,0.0,0.0,0.0,0.0,0.0,0.0,0.0,0.0,0.0,0.0,0.0,0.0,0.0,0.0,0.0,0.0,0.0,0.0,0.0,0.0,0.0,0.0,0.0,0.0,0.0,0.0,0.0,0.0,0.0,0.0,0.0,0.0,0.0,0.0,0.0,0.0,0.0,0.0,0.0,0.0,0.0,0.0,0.0,0.0,0.0,0.0,0.0,0.0,0.0,0.0,0.0,0.0,0.0,0.0,0.0,0.0,0.0,0.0,0.0,0.0,0.0,0.0,0.0,0.0,0.0,0.0,0.0,0.0,0.0,0.0,0.0,0.0,0.0,0.0,0.0,0.0,0.0,0.0,0.0,0.0,0.0,0.0,0.0,0.0,0.0,0.0,0.0,0.0,0.0,0.0,0.0,0.0,0.0,0.0,0.0,0.0,0.0,0.0,0.0,0.0,0.0,0.0,0.0,0.0,0.0,0.0,0.0,0.0,0.0,0.0,0.0,0.0,0.0,0.0,0.0,0.0
19515.800797421754,-121.47068070725078,255.2593881096259,39.61016523707567,25755.93526525693,-96.12949335742175,-163.49871571313315,22.70662618654225,30064.819231620088,57.95635581205401,220.2243318153075,-13.768593047413004,-121.47068070725078,42.99242229832031,79.43485200389651,2.1929336042622265,-429.8707089017592,46.95858456380369,83.3570763706584,-0.4866302310872473,-796.0013296216356,10.998588946714355,2.0956017721870417,2.2077156533817464,255.2593881096259,79.43485200389651,192.3432425963516,5.264495883645571,-148.0365766795922,90.15549679972443,173.40048514112243,-0.4900688511890995,-735.9084942877539,25.032439512274504,20.199416881517685,4.089457436416847,39.61016523707567,2.1929336042622265,5.264495883645571,0.8179883876897214,116.95611935473065,2.6273551258323598,1.9129580056699251,0.36898535962879175,177.27934234654882,1.3236532923006115,0.1781922742489751,0.03911496693862916,25755.93526525693,-429.8707089017592,-148.0365766795922,116.95611935473065,51125.95649060767,-419.8981517429465,-1161.569631403718,80.53753162537684,71498.11907386256,74.24158279927796,143.14263153998138,-39.119722461435565,-96.12949335742175,46.95858456380369,90.15549679972443,2.6273551258323598,-419.8981517429465,51.710140206055186,92.45061003647467,-0.445573397304691,-809.4640581029267,12.50798233354409,3.6291092511173724,2.3871402125018544,-163.49871571313315,83.3570763706584,173.40048514112243,1.9129580056699251,-1161.569631403718,92.45061003647467,184.88768381489334,-2.508389544085553,-2223.043354521432,20.591485251963828,14.25564917773727,4.557681057530243,22.70662618654225,-0.4866302310872473,-0.4900688511890995,0.36898535962879175,80.53753162537684,-0.445573397304691,-2.508389544085553,0.23449360739856837,131.04891604448426,0.2887229556437891,-0.1220194162158126,-0.06200817892207844,30064.819231620088,-796.0013296216356,-735.9084942877539,177.27934234654882,71498.11907386256,-809.4640581029267,-2223.043354521432,131.04891604448426,106083.36515556226,54.687414401308,59.52429391399423,-65.3331747552271,57.95635581205401,10.998588946714355,25.032439512274504,1.3236532923006115,74.24158279927796,12.50798233354409,20.591485251963828,0.2887229556437891,54.687414401308,4.235633313784861,2.3625347469505065,0.48082543626843754,220.2243318153075,2.0956017721870417,20.199416881517685,0.1781922742489751,143.14263153998138,3.6291092511173724,14.25564917773727,-0.1220194162158126,59.52429391399423,2.3625347469505065,9.13350772750031,0.11369378669618133,-13.768593047413004,2.2077156533817464,4.089457436416847,0.03911496693862916,-39.119722461435565,2.3871402125018544,4.557681057530243,-0.06200817892207844,-65.3331747552271,0.48082543626843754,0.11369378669618133,0.12778848140702037
230117.77990646168,213.65243517743204,1593.4692715704618,-48.73429931096836,175695.99421554082,150.40217553381103,937.596879321503,-13.259172460585525,120538.8102506895,92.86543102398454,334.18537945052276,-3.2493511780020317,213.65243517743204,4.077306384235374,1.3570444469441654,-0.13414557590827014,170.07707664777146,2.063968402932877,0.9573155133682418,-0.0798573643382671,129.26515373676332,0.28849887812198477,-0.47880161147020245,0.003919639341992459,1593.4692715704618,1.3570444469441654,32.935584079150445,-0.7758881021243607,1434.051784386762,1.291362125205222,16.47278758447115,-0.2989144429124582,1158.8512949104295,1.0166554726556398,4.160919477924822,-0.04627133868120384,-48.73429931096836,-0.13414557590827014,-0.7758881021243607,0.05543996226006041,-42.82319465105586,-0.11295881427607969,-0.47635359363248764,0.01955389251268073,-30.478434125590855,-0.032715040469213585,-0.08397665844176794,-0.002654164985326203,175695.99421554082,170.07707664777146,1434.051784386762,-42.82319465105586,141124.43833264272,129.76409364236835,771.928871879198,-13.947563171351554,102317.21060457686,85.40296581424937,237.1764995618946,-3.7837479858826315,150.40217553381103,2.063968402932877,1.291362125205222,-0.11295881427607969,129.76409364236835,1.203176410144928,1.019432984953619,-0.084523578049549,93.19073690722577,0.3135445390080914,0.07813197225684321,-0.03738544762005205,937.596879321503,0.9573155133682418,16.47278758447115,-0.47635359363248764,771.928871879198,1.019432984953619,10.259128519626916,-0.23551546919731875,550.7993162370001,0.7866761425413883,3.9214552707456205,-0.0984618348449583,-13.259172460585525,-0.0798573643382671,-0.2989144429124582,0.01955389251268073,-13.947563171351554,-0.084523578049549,-0.23551546919731875,0.017084950551165514,-10.204672946497801,-0.05159029927219356,-0.10345039948967172,0.012511399458446013,120538.8102506895,129.26515373676332,1158.8512949104295,-30.478434125590855,102317.21060457686,93.19073690722577,550.7993162370001,-10.204672946497801,80186.37227898985,62.943576391145015,108.62569751087793,-1.3263583730572444,92.86543102398454,0.28849887812198477,1.0166554726556398,-0.032715040469213585,85.40296581424937,0.3135445390080914,0.7866761425413883,-0.05159029927219356,62.943576391145015,0.3005864901646544,0.46239767038522733,-0.05581722103186666,334.18537945052276,-0.47880161147020245,4.160919477924822,-0.08397665844176794,237.1764995618946,0.07813197225684321,3.9214552707456205,-0.10345039948967172,108.62569751087793,0.46239767038522733,5.079927261707648,-0.15329232232450618,-3.2493511780020317,0.003919639341992459,-0.04627133868120384,-0.002654164985326203,-3.7837479858826315,-0.03738544762005205,-0.0984618348449583,0.012511399458446013,-1.3263583730572444,-0.05581722103186666,-0.15329232232450618,0.020777449199557436
3028.2282723408834,-1255.9725396470126,-2547.7998327830537,-261.53775240892367,2025.3880274912985,-1476.1211429655546,-2366.443348144127,-202.47294003403022,807.9965453486028,-1610.4542561203152,-2420.946017641567,-154.73407525409038,-1255.9725396470126,1147.3760971986517,1426.319491671938,85.87214297419688,-2302.8229576908534,1439.214570823543,1150.607288502192,52.355899360068044,-49.70962053080496,1640.7936167874136,1091.6469070632613,12.804120988372889,-2547.7998327830537,1426.319491671938,2841.574624811868,280.2924550986449,-2045.5060680605097,1721.7799708797606,2651.472388581854,215.33421848871214,-1079.636999794804,1918.4122767174356,2722.385705674285,160.61636104777668,-261.53775240892367,85.87214297419688,280.2924550986449,38.86187512205471,32.58453680681452,97.02383726594763,296.2469914662272,31.721535836658695,-18.658590992293597,98.39248289191376,323.77386136260367,27.752832223970323,2025.3880274912985,-2302.8229576908534,-2045.5060680605097,32.58453680681452,7342.081704445205,-2965.32889948774,-1212.599925341559,67.96244161742857,3076.512561457863,-3519.4504425594355,-863.2542603400406,142.03778884165837,-1476.1211429655546,1439.214570823543,1721.7799708797606,97.02383726594763,-2965.32889948774,1815.9011011736727,1374.3602604933162,56.3157492867883,-73.35291307459082,2076.7859835486947,1296.7223899566864,6.899927050916504,-2366.443348144127,1150.607288502192,2651.472388581854,296.2469914662272,-1212.599925341559,1374.3602604933162,2590.75947148373,233.56156226085878,-896.8624336068858,1506.7888406906552,2725.8057691939644,187.0879722512959,-202.47294003403022,52.355899360068044,215.33421848871214,31.721535836658695,67.96244161742857,56.3157492867883,233.56156226085878,26.23904838127743,-23.95588416734669,53.895689393820646,257.90016494485155,23.570301684896783,807.9965453486028,-49.70962053080496,-1079.636999794804,-18.658590992293597,3076.512561457863,-73.35291307459082,-896.8624336068858,-23.95588416734669,8339.599749143948,-272.34054586960315,-797.0643483365675,-18.683073859725155,-1610.4542561203152,1640.7936167874136,1918.4122767174356,98.39248289191376,-3519.4504425594355,2076.7859835486947,1506.7888406906552,53.895689393820646,-272.34054586960315,2385.3991954052635,1405.3812015352412,-2.1779955014728465,-2420.946017641567,1091.6469070632613,2722.385705674285,323.77386136260367,-863.2542603400406,1296.7223899566864,2725.8057691939644,257.90016494485155,-797.0643483365675,1405.3812015352412,2904.2415781626555,212.3813337311146,-154.73407525409038,12.804120988372889,160.61636104777668,27.752832223970323,142.03778884165837,6.899927050916504,187.0879722512959,23.570301684896783,-18.683073859725155,-2.1779955014728465,212.3813337311146,22.300107232863184
41118.053741606855,-185.62580281096928,-139.89692131404885,-81.11917663146497,39735.034751932835,-238.2615803405164,-39.59707505255977,-25.57759702272091,26359.467861231024,-180.25735499235853,301.60962145353153,-5.7688898420070025,-185.62580281096928,10.717721223627384,4.59435584056751,2.890686036256621,-106.96417076505861,10.288293144066799,0.28211690928014554,1.201870049134958,78.50552305005209,5.341789120378479,-4.116438488415058,0.06134500724003771,-139.89692131404885,4.59435584056751,37.90660215066078,4.101697222093182,-156.19104734628658,11.229729591932733,15.878204357182822,0.7371543434972622,281.9432823441291,11.566231710878549,-2.132745190462478,-0.4037991418049116,-81.11917663146497,2.890686036256621,4.101697222093182,1.363076778401544,-69.03021313197836,3.757260347804805,1.2097627809648,0.49871661164454506,22.494252818095124,2.325055647096981,-1.3245787273233955,-0.030674394603002902,39735.034751932835,-106.96417076505861,-156.19104734628658,-69.03021313197836,54278.23786604434,-207.47545716737605,-163.32110895087504,1.4872709263559385,46296.503408882716,-234.79384964632072,207.08097311710782,8.52862265735075,-238.2615803405164,10.288293144066799,11.229729591932733,3.757260347804805,-207.47545716737605,11.83787306691656,3.376352101155875,1.312808177467762,52.15283020110338,7.407520021476071,-4.316694478955841,-0.08916869256591144,-39.59707505255977,0.28211690928014554,15.878204357182822,1.2097627809648,-163.32110895087504,3.376352101155875,8.151955861519205,-0.10736624803382465,-32.26462011809662,4.978716248039728,0.6899337087689287,-0.303091257928708,-25.57759702272091,1.201870049134958,0.7371543434972622,0.49871661164454506,1.4872709263559385,1.312808177467762,-0.10736624803382465,0.2562328424996584,32.82288876513523,0.5075523268320389,-0.5247167275237459,0.03211634877589864,26359.467861231024,78.50552305005209,281.9432823441291,22.494252818095124,46296.503408882716,52.15283020110338,-32.26462011809662,32.82288876513523,49757.98517906002,-45.75874779556013,30.896402766478328,9.575171749824609,-180.25735499235853,5.341789120378479,11.566231710878549,2.325055647096981,-234.79384964632072,7.407520021476071,4.978716248039728,0.5075523268320389,-45.75874779556013,6.10431298456546,-2.4061475048930645,-0.22002693888740713,301.60962145353153,-4.116438488415058,-2.132745190462478,-1.3245787273233955,207.08097311710782,-4.316694478955841,0.6899337087689287,-0.5247167275237459,30.896402766478328,-2.4061475048930645,5.276483609366513,-0.08226658769312184,-5.7688898420070025,0.06134500724003771,-0.4037991418049116,-0.030674394603002902,8.52862265735075,-0.08916869256591144,-0.303091257928708,0.03211634877589864,9.575171749824609,-0.22002693888740713,-0.08226658769312184,0.03464972898568996
97505.01365504361,73.08821775395158,814.8545441002387,-37.995965963620634,62608.54606971364,-499.04245534929356,798.9300685396676,55.231839367596386,26659.38511475364,-757.8247527674295,1814.3903806316512,8.870321256195862,73.08821775395158,57.64441557149467,109.4098712403473,21.001894086185818,725.4873252726126,41.66192052121991,47.573687729823654,19.175114409515935,1113.124889778254,33.71844822123357,43.196994030424854,15.293764053807442,814.8545441002387,109.4098712403473,886.7796405835179,104.77587634109364,619.7982607879303,56.89893310360486,778.8389789706591,92.68136103408008,886.3876541330743,29.449700130408125,683.7276370038086,81.65975289022452,-37.995965963620634,21.001894086185818,104.77587634109364,15.376258112874204,213.27021944471636,13.11421155857462,75.96434506346017,13.40436369123152,465.2029973964612,8.88745070467104,61.768279451627244,11.489471053778917,62608.54606971364,725.4873252726126,619.7982607879303,213.27021944471636,64989.033045000244,148.83665049728842,-466.802128874332,241.59928502525696,59482.98157735678,-142.74097920604999,192.69860817835863,156.52071283161547,-499.04245534929356,41.66192052121991,56.89893310360486,13.11421155857462,148.83665049728842,34.328685548223525,14.945055717266396,11.627756965344991,586.0117536364197,30.715906033101792,9.600967723400306,9.256241376760892,798.9300685396676,47.573687729823654,778.8389789706591,75.96434506346017,-466.802128874332,14.945055717266396,788.0873467753707,67.60700591221831,-1082.7345686914048,-2.381720009749456,719.2999103882935,61.72277454773805,55.231839367596386,19.175114409515935,92.68136103408008,13.40436369123152,241.59928502525696,11.627756965344991,67.60700591221831,11.80639168214943,421.6245187492786,7.641767428198056,56.62444632606742,10.069980993206705,26659.38511475364,1113.124889778254,886.3876541330743,465.2029973964612,59482.98157735678,586.0117536364197,-1082.7345686914048,421.6245187492786,81316.84406471174,290.6045022156155,-964.0526188582471,311.19657083854145,-757.8247527674295,33.71844822123357,29.449700130408125,8.88745070467104,-142.74097920604999,30.715906033101792,-2.381720009749456,7.641767428198056,290.6045022156155,29.352818745496975,-7.695483851391384,6.035030843124364,1814.3903806316512,43.196994030424854,683.7276370038086,61.768279451627244,192.69860817835863,9.600967723400306,719.2999103882935,56.62444632606742,-964.0526188582471,-7.695483851391384,685.1809257342478,51.44574361629002,8.870321256195862,15.293764053807442,81.65975289022452,11.489471053778917,156.52071283161547,9.256241376760892,61.72277454773805,10.069980993206705,311.19657083854145,6.035030843124364,51.44574361629002,8.66256089790987
40914.39100622442,-273.41186797261514,147.47088599964974,72.76144957343509,27534.627542910985,-205.8971991267275,570.0017166579534,68.32028377574433,6831.393371545979,-34.99973986322072,534.1799363391823,38.04656050391466,-273.41186797261514,16.55069431268005,-10.179335757486315,-4.491770574060538,-266.7497349444703,12.226750281113292,-13.507164355090271,-4.337750505761697,-45.91958408392883,2.179322744898278,-9.048433642442019,-2.630023061562672,147.47088599964974,-10.179335757486315,13.402268297000866,2.541081052592244,341.9441657176378,-7.261242664536124,6.704234780873851,2.49521089359635,420.43739832960375,-0.6948406447459878,1.9475834901359967,1.5349103844140788,72.76144957343509,-4.491770574060538,2.541081052592244,1.4038094351168555,65.87320977752934,-3.4398965844667795,3.603255069886154,1.3514545983378863,2.176577982242783,-0.5997489615221548,2.4487512989713243,0.8217922707277852,27534.627542910985,-266.7497349444703,341.9441657176378,65.87320977752934,26340.399627895484,-189.03276346673874,400.4274084662268,62.697259168271295,18376.972166253952,-11.398013459701454,286.64574325631287,36.87534119443522,-205.8971991267275,12.226750281113292,-7.261242664536124,-3.4398965844667795,-189.03276346673874,9.153761976755112,-10.016129638844271,-3.3313229967982125,-16.1092126727297,1.6721945291061964,-6.787601887614391,-2.0255959103510746,570.0017166579534,-13.507164355090271,6.704234780873851,3.603255069886154,400.4274084662268,-10.016129638844271,15.618033573253895,3.4658003103143815,-7.484854581919119,-1.8348989546602887,12.487853982243964,2.070831420572078,68.32028377574433,-4.337750505761697,2.49521089359635,1.3514545983378863,62.697259168271295,-3.3313229967982125,3.4658003103143815,1.3066324340782294,2.345515146966794,-0.591100987238305,2.3327559545676007,0.7970695645874094,6831.393371545979,-45.91958408392883,420.43739832960375,2.176577982242783,18376.972166253952,-16.1092126727297,-7.484854581919119,2.345515146966794,28661.253333802808,35.97426567064177,-135.57168389172583,2.8543930778973428,-34.99973986322072,2.179322744898278,-0.6948406447459878,-0.5997489615221548,-11.398013459701454,1.6721945291061964,-1.8348989546602887,-0.591100987238305,35.97426567064177,0.4413645345399487,-1.4087429067690407,-0.367988592194332,534.1799363391823,-9.048433642442019,1.9475834901359967,2.4487512989713243,286.64574325631287,-6.787601887614391,12.487853982243964,2.3327559545676007,-135.57168389172583,-1.4087429067690407,11.711778459751704,1.3611779594673339,38.04656050391466,-2.630023061562672,1.5349103844140788,0.8217922707277852,36.87534119443522,-2.0255959103510746,2.070831420572078,0.7970695645874094,2.8543930778973428,-0.367988592194332,1.3611779594673339,0.4898027465777711
4554.591682882608,-636.758938414045,2760.5803104187275,103.83182225803141,4718.13701593507,-841.7531427296709,3542.0305720464094,80.85890442463395,3448.361760440793,-673.5341381629677,3465.9093942247,95.43433590322087,-636.758938414045,631.7648465015328,-2736.4323141792224,-106.63994433859439,-941.0168079116522,828.0947708494351,-3558.8820181746346,-83.91004000435727,-157.24008594574084,667.9232338759906,-3482.123599489179,-98.89125976767218,2760.5803104187275,-2736.4323141792224,11880.71899922722,464.43251551717714,4130.700945277883,-3582.1932280353262,15461.089726075777,365.5100700036516,826.8979069232034,-2891.4659014599624,15125.048477815157,430.6230416500204,103.83182225803141,-106.63994433859439,464.43251551717714,18.261261776390974,156.0330782441044,-139.2292349492176,605.1888074190467,14.371467916055128,31.180238268549175,-112.50745049745376,591.9447976794926,16.91742807843424,4718.13701593507,-941.0168079116522,4130.700945277883,156.0330782441044,6087.23066069792,-1250.5718358611052,5304.321785881773,122.55248954953865,5002.452658450198,-1006.5843542927172,5176.063492958125,145.22448123559366,-841.7531427296709,828.0947708494351,-3582.1932280353262,-139.2292349492176,-1250.5718358611052,1086.8998794621891,-4656.143033513209,-109.56054550434206,-212.66065262142524,876.2965439148371,-4555.9932877620895,-129.17627586037108,3542.0305720464094,-3558.8820181746346,15461.089726075777,605.1888074190467,5304.321785881773,-4656.143033513209,20126.851199320685,476.28118624947643,1030.392479282714,-3759.228985619801,19689.02129927547,561.0178223820079,80.85890442463395,-83.91004000435727,365.5100700036516,14.371467916055128,122.55248954953865,-109.56054550434206,476.28118624947643,11.312283550106692,24.87867540819801,-88.54174453520504,465.84336712471844,13.317411597557305,3448.361760440793,-157.24008594574084,826.8979069232034,31.180238268549175,5002.452658450198,-212.66065262142524,1030.392479282714,24.87867540819801,5474.615643105809,-177.39137340402536,980.6979457416779,29.99699608162087,-673.5341381629677,667.9232338759906,-2891.4659014599624,-112.50745049745376,-1006.5843542927172,876.2965439148371,-3759.228985619801,-88.54174453520504,-177.39137340402536,706.7080170331756,-3678.1664936285283,-104.38355133404379,3465.9093942247,-3482.123599489179,15125.048477815157,591.9447976794926,5176.063492958125,-4555.9932877620895,19689.02129927547,465.84336712471844,980.6979457416779,-3678.1664936285283,19261.15705793055,548.7256938370037,95.43433590322087,-98.89125976767218,430.6230416500204,16.91742807843424,145.22448123559366,-129.17627586037108,561.0178223820079,13.317411597557305,29.99699608162087,-104.38355133404379,548.7256938370037,15.680599543245656
0.0,0.0,0.0,0.0,0.0,0.0,0.0,0.0,0.0,0.0,0.0,0.0,0.0,0.0,0.0,0.0,0.0,0.0,0.0,0.0,0.0,0.0,0.0,0.0,0.0,0.0,0.0,0.0,0.0,0.0,0.0,0.0,0.0,0.0,0.0,0.0,0.0,0.0,0.0,0.0,0.0,0.0,0.0,0.0,0.0,0.0,0.0,0.0,0.0,0.0,0.0,0.0,0.0,0.0,0.0,0.0,0.0,0.0,0.0,0.0,0.0,0.0,0.0,0.0,0.0,0.0,0.0,0.0,0.0,0.0,0.0,0.0,0.0,0.0,0.0,0.0,0.0,0.0,0.0,0.0,0.0,0.0,0.0,0.0,0.0,0.0,0.0,0.0,0.0,0.0,0.0,0.0,0.0,0.0,0.0,0.0,0.0,0.0,0.0,0.0,0.0,0.0,0.0,0.0,0.0,0.0,0.0,0.0,0.0,0.0,0.0,0.0,0.0,0.0,0.0,0.0,0.0,0.0,0.0,0.0,0.0,0.0,0.0,0.0,0.0,0.0,0.0,0.0,0.0,0.0,0.0,0.0,0.0,0.0,0.0,0.0,0.0,0.0,0.0,0.0,0.0,0.0,0.0,0.0
39202.84563262135,-54.99259947481388,165.73392635361864,-14.766016612778202,34184.050246035615,122.50690911002863,141.55033780630248,0.5108685485359615,24771.654326974312,227.63062704583555,151.84242007052038,31.237204589580035,-54.99259947481388,6.742580063948513,5.271579559646576,0.3838080435723703,37.826782661092516,0.8979388583984191,2.2960842612761683,-0.2012326117684442,-10.587626752381146,-2.162116803181873,-1.3639692648479413,-1.3412556703812177,165.73392635361864,5.271579559646576,13.460696466604842,0.2960157719388952,169.17107001739598,-0.936172497809437,4.290474277306846,-0.246217411636952,251.80625810034806,-3.4279521920031377,-3.532678542807145,-1.402078047609679,-14.766016612778202,0.3838080435723703,0.2960157719388952,0.029747404918592804,-8.99901334919905,-0.019739389007084298,0.09541870834935187,-0.01331510052868924,-7.743946883000405,-0.22083332782705495,-0.13135663453834065,-0.09429859736823921,34184.050246035615,37.826782661092516,169.17107001739598,-8.99901334919905,33424.28347555817,139.9533085725545,135.69801330978976,-1.979248488851606,24004.604996307262,201.11048474546567,129.0007994127435,13.778917405488512,122.50690911002863,0.8979388583984191,-0.936172497809437,-0.019739389007084298,139.9533085725545,1.4366721253657917,0.5249962898338434,-0.0050199408534520075,43.16838782707595,1.4999980395814734,1.366017894579564,0.05713745921878746,141.55033780630248,2.2960842612761683,4.290474277306846,0.09541870834935187,135.69801330978976,0.5249962898338434,2.13670853759839,-0.09296061601530058,96.23511385261088,-0.23792182252360547,-0.051633698418834875,-0.4661299023166794,0.5108685485359615,-0.2012326117684442,-0.246217411636952,-0.01331510052868924,-1.979248488851606,-0.0050199408534520075,-0.09296061601530058,0.008383422685006735,-1.8243957273507345,0.08438684834510382,0.05638473031021327,0.04878256575811709,24771.654326974312,-10.587626752381146,251.80625810034806,-7.743946883000405,24004.604996307262,43.16838782707595,96.23511385261088,-1.8243957273507345,22136.6537930907,91.84700601439474,13.013020377272852,8.856804431821903,227.63062704583555,-2.162116803181873,-3.4279521920031377,-0.22083332782705495,201.11048474546567,1.4999980395814734,-0.23792182252360547,0.08438684834510382,91.84700601439474,3.206309007827306,2.59703247092256,0.7295381505034361,151.84242007052038,-1.3639692648479413,-3.532678542807145,-0.13135663453834065,129.0007994127435,1.366017894579564,-0.051633698418834875,0.05638473031021327,13.013020377272852,2.59703247092256,2.8068151014614746,0.49261905579826565,31.237204589580035,-1.3412556703812177,-1.402078047609679,-0.09429859736823921,13.778917405488512,0.05713745921878746,-0.4661299023166794,0.04878256575811709,8.856804431821903,0.7295381505034361,0.49261905579826565,0.32475628660101846
13814.838400433471,-1457.5671542618109,3806.960049836958,226.70673700219066,7339.672833340295,-820.5807312759996,3683.247120755704,142.32954017867817,-2331.077508505173,-712.2425581214883,3939.783572583063,181.67392332179043,-1457.5671542618109,325.64729489998996,-625.0773234512016,-24.659418459376816,-739.2712159538008,290.3216943735667,-543.2042213192411,-14.305377009137064,169.08278070644198,301.1190665397248,-553.3817822491283,-22.466792306173982,3806.960049836958,-625.0773234512016,1507.9016610860479,36.10843898365789,1964.5091101781381,-576.8092078808669,1319.0681283287106,16.341441410228473,16.836424517342945,-601.5361481898548,1360.0866629211998,34.585872865885314,226.70673700219066,-24.659418459376816,36.10843898365789,8.877342890841662,110.15613827523293,2.122085127273502,46.26873839832338,6.429371551294085,-165.22304777719478,8.740477293798794,52.445369837211544,6.710523831697882,7339.672833340295,-739.2712159538008,1964.5091101781381,110.15613827523293,4187.826434115695,-431.2894936773804,1884.4094131265967,68.39748560270007,-554.660096349515,-380.5283511717334,2010.2037032145104,88.7996062847698,-820.5807312759996,290.3216943735667,-576.8092078808669,2.122085127273502,-431.2894936773804,342.985778671871,-447.91874200025416,5.462626257431327,-367.32345917160023,378.7093438034735,-436.4160118824212,-2.8383715692576716,3683.247120755704,-543.2042213192411,1319.0681283287106,46.26873839832338,1884.4094131265967,-447.91874200025416,1189.229534334669,25.266806370267503,-308.14180697026796,-452.734244879297,1239.8009465164384,40.63338867658418,142.32954017867817,-14.305377009137064,16.341441410228473,6.429371551294085,68.39748560270007,5.462626257431327,25.266806370267503,4.728268386047913,-124.30882946983719,10.589226849202547,29.569434709270674,4.812043751721143,-2331.077508505173,169.08278070644198,16.836424517342945,-165.22304777719478,-554.660096349515,-367.32345917160023,-308.14180697026796,-124.30882946983719,4349.603624305664,-520.32709100266,-426.6736908454248,-120.47297786330549,-712.2425581214883,301.1190665397248,-601.5361481898548,8.740477293798794,-380.5283511717334,378.7093438034735,-452.734244879297,10.589226849202547,-520.32709100266,422.9030395443754,-435.01234836946236,1.7151592627050618,3939.783572583063,-553.3817822491283,1360.0866629211998,52.445369837211544,2010.2037032145104,-436.4160118824212,1239.8009465164384,29.569434709270674,-426.6736908454248,-435.01234836946236,1298.0379442160108,45.142572890528605,181.67392332179043,-22.466792306173982,34.585872865885314,6.710523831697882,88.7996062847698,-2.8383715692576716,40.63338867658418,4.812043751721143,-120.47297786330549,1.7151592627050618,45.142572890528605,5.131031251624013
0.0,0.0,0.0,0.0,0.0,0.0,0.0,0.0,0.0,0.0,0.0,0.0,0.0,0.0,0.0,0.0,0.0,0.0,0.0,0.0,0.0,0.0,0.0,0.0,0.0,0.0,0.0,0.0,0.0,0.0,0.0,0.0,0.0,0.0,0.0,0.0,0.0,0.0,0.0,0.0,0.0,0.0,0.0,0.0,0.0,0.0,0.0,0.0,0.0,0.0,0.0,0.0,0.0,0.0,0.0,0.0,0.0,0.0,0.0,0.0,0.0,0.0,0.0,0.0,0.0,0.0,0.0,0.0,0.0,0.0,0.0,0.0,0.0,0.0,0.0,0.0,0.0,0.0,0.0,0.0,0.0,0.0,0.0,0.0,0.0,0.0,0.0,0.0,0.0,0.0,0.0,0.0,0.0,0.0,0.0,0.0,0.0,0.0,0.0,0.0,0.0,0.0,0.0,0.0,0.0,0.0,0.0,0.0,0.0,0.0,0.0,0.0,0.0,0.0,0.0,0.0,0.0,0.0,0.0,0.0,0.0,0.0,0.0,0.0,0.0,0.0,0.0,0.0,0.0,0.0,0.0,0.0,0.0,0.0,0.0,0.0,0.0,0.0,0.0,0.0,0.0,0.0,0.0,0.0
36926.42980210603,1088.39398471075,-3634.5180807623183,56.56738599948667,33978.31194427079,1178.1346009830474,-2201.4347487229675,32.902561837214535,27905.579640617394,1382.5478749653505,-590.3836026215897,50.68739842071212,1088.39398471075,155.94213673049526,-340.17446229676614,1.708053498636524,443.1835610073353,177.39623111703594,-252.80438278936245,1.8615641482267042,-66.53149401894467,211.32439361994463,-139.89761118440344,5.112045155602806,-3634.5180807623183,-340.17446229676614,1065.7791052682683,-10.010284807105712,-2960.9945794755395,-370.2519474437217,704.2048607903737,-6.6145932480643275,-2004.5669478139098,-433.40046336755495,288.91307991750836,-12.705834013523829,56.56738599948667,1.708053498636524,-10.010284807105712,0.3145682031542846,67.1626841861977,1.6626726850745404,-3.9264311301741652,0.1854318134291086,65.31741546830087,1.8528220390604992,1.4524827468636394,0.2076350957231707,33978.31194427079,443.1835610073353,-2960.9945794755395,67.1626841861977,37837.15344717483,398.76432141866167,-1485.9965425577193,32.58310476743499,35645.35520882658,427.0003987078302,41.581355379985844,34.57105418636182,1178.1346009830474,177.39623111703594,-370.2519474437217,1.6626726850745404,398.76432141866167,202.93471246182173,-279.4574308416959,1.9886655674747153,-195.0445522080569,242.33544183278448,-159.58424110056424,5.726296646373897,-2201.4347487229675,-252.80438278936245,704.2048607903737,-3.9264311301741652,-1485.9965425577193,-279.4574308416959,503.21105862415544,-2.943041715677067,-733.5767969038594,-329.04534802822224,250.35656303684183,-7.5947769025517085,32.902561837214535,1.8615641482267042,-6.6145932480643275,0.1854318134291086,32.58310476743499,1.9886655674747153,-2.943041715677067,0.12939718594467323,28.586715123439507,2.3159323183770897,0.3434398987989182,0.17069091280031176,27905.579640617394,-66.53149401894467,-2004.5669478139098,65.31741546830087,35645.35520882658,-195.0445522080569,-733.5767969038594,28.586715123439507,36480.96627137259,-290.51659853195525,488.8899964210198,19.8081758548869,1382.5478749653505,211.32439361994463,-433.40046336755495,1.8528220390604992,427.0003987078302,242.33544183278448,-329.04534802822224,2.3159323183770897,-290.51659853195525,289.77479594529063,-190.05023674162322,6.795200842557596,-590.3836026215897,-139.89761118440344,288.91307991750836,1.4524827468636394,41.581355379985844,-159.58424110056424,250.35656303684183,0.3434398987989182,488.8899964210198,-190.05023674162322,172.87411006175054,-2.4110180302437265,50.68739842071212,5.112045155602806,-12.705834013523829,0.2076350957231707,34.57105418636182,5.726296646373897,-7.5947769025517085,0.17069091280031176,19.8081758548869,6.795200842557596,-2.4110180302437265,0.28899429084301304
167448.68926717545,219.09966722480218,1125.5556982283733,-38.74772323219316,128067.33051404207,126.20832994169758,584.6671390512557,-7.347680056520098,88575.6578491399,49.71016117463203,286.2948126046941,1.7305908273831443,219.09966722480218,9.418639114430404,-28.489203583585326,-0.5571519902484409,82.39424181568184,4.866518830016514,-12.559620930693006,-0.31000411428862124,-25.96769771368482,0.49361918715305114,-0.40390383821673054,-0.1019583928470796,1125.5556982283733,-28.489203583585326,160.0566362245269,1.212667548441321,1436.2017807476477,-14.452052023437377,72.58534796737892,0.9689891610156455,1512.430651081304,-0.81245158473548,4.481548641189399,0.6177197474746714,-38.74772323219316,-0.5571519902484409,1.212667548441321,0.0803404245896477,-29.532396237329223,-0.3035098798406371,0.4870546043258032,0.029868949977047074,-16.546151119685298,-0.022158177069158617,-0.12545096215728882,-0.0009450561980455149,128067.33051404207,82.39424181568184,1436.2017807476477,-29.532396237329223,107026.45520711468,67.40330150320052,650.6414239001365,-6.471151645971253,80548.47663319229,51.210906949969534,222.11372845231665,0.5940768968425756,126.20832994169758,4.866518830016514,-14.452052023437377,-0.3035098798406371,67.40330150320052,2.667438171488938,-6.2525782498940465,-0.20010515192665587,3.9888913245964694,0.4246794650582722,0.14857087244155837,-0.10225990365506525,584.6671390512557,-12.559620930693006,72.58534796737892,0.4870546043258032,650.6414239001365,-6.2525782498940465,34.78647554998789,0.3603867461116659,640.0195794246432,-0.17689109447047316,3.180566739323603,0.21235355013546328,-7.347680056520098,-0.31000411428862124,0.9689891610156455,0.029868949977047074,-6.471151645971253,-0.20010515192665587,0.3603867461116659,0.026455684087151935,-2.604380076828705,-0.059123578385378836,-0.10012198482729977,0.01960123278797446,88575.6578491399,-25.96769771368482,1512.430651081304,-16.546151119685298,80548.47663319229,3.9888913245964694,640.0195794246432,-2.604380076828705,67031.49325471361,36.447809263078526,101.17544119592463,2.5297963191212274,49.71016117463203,0.49361918715305114,-0.81245158473548,-0.022158177069158617,51.210906949969534,0.4246794650582722,-0.17689109447047316,-0.059123578385378836,36.447809263078526,0.3067190563931213,0.4532513289627126,-0.07096541936182062,286.2948126046941,-0.40390383821673054,4.481548641189399,-0.12545096215728882,222.11372845231665,0.14857087244155837,3.180566739323603,-0.10012198482729977,101.17544119592463,0.4532513289627126,5.298923867125073,-0.1360600085300581,1.7305908273831443,-0.1019583928470796,0.6177197474746714,-0.0009450561980455149,0.5940768968425756,-0.10225990365506525,0.21235355013546328,0.01960123278797446,2.5297963191212274,-0.07096541936182062,-0.1360600085300581,0.028842003511095594
